[14862.090188] [Project1] 18094 1588166608.561231262 1588166609.389294261
[14863.665437] [Project1] 18095 1588166610.183558341 1588166610.965328134
[14865.205531] [Project1] 18096 1588166611.747472083 1588166612.506191495
[14866.760319] [Project1] 18097 1588166613.268522410 1588166614.061750835
[14868.343417] [Project1] 18098 1588166614.851999372 1588166615.645643293
[14869.933049] [Project1] 18099 1588166616.435767040 1588166617.236073875
[14871.505723] [Project1] 18100 1588166618.033564139 1588166618.809503900
[14873.066283] [Project1] 18101 1588166619.595559801 1588166620.370875084
[14874.637598] [Project1] 18102 1588166621.164806994 1588166621.942975559
[14876.169537] [Project1] 18103 1588166622.712850032 1588166623.475679632
